{
  "metadata": {
    "version": 4.6,
    "type": "Object",
    "generator": "Object3D.toJSON"
  },
  "object": {
    "uuid": "a4333c2e-0e55-440e-8a4a-0905a40bfad9",
    "type": "Bone",
    "name": "RightShoulder",
    "userData": {
      "originalName": "RightShoulder",
      "transformData": {
        "eulerOrder": "ZYX",
        "translation": [
          7.000001430511475, -12.368070602416992, 1.903780221939087
        ],
        "preRotation": [
          4.222254768934979e-13, -4.2222110906635917e-13, 4.0711099922733e-12
        ],
        "rotation": [
          0.000049632528452356156, -0.00003665544195010427, 90.00009659344735
        ],
        "parentMatrix": {
          "elements": [
            1, 2.4652384489534284e-32, -1.5777218075032877e-30, 0,
            -2.4652384489534284e-32, 1, 1.944730230804702e-62, 0,
            1.5777218075032877e-30, 1.944730230804702e-62, 1, 0,
            0.0000330507755279541, -12.748729705810575,
            -0.0000076022047323931474, 1
          ]
        },
        "parentMatrixWorld": {
          "elements": [
            -1, 1.2246467991472805e-16, -4.2088600463596627e-23, 0,
            -1.2246467991467956e-16, -0.9999999999998139, -6.099952116754946e-7,
            0, -1.16791468810945e-22, -6.099952116754946e-7, 0.9999999999998139,
            0, -0.00000420667674575281, 130.32951166712803,
            -0.0000041472862297386525, 1
          ]
        }
      }
    },
    "layers": 1,
    "matrix": [
      -0.0000016858737645897293, 0.9999999999983744, 6.397581581721406e-7, 0,
      -0.9999999999982039, -0.0000016858743188130632, 8.662510302139351e-7, 0,
      8.662521087643753e-7, -6.397566977811058e-7, 0.9999999999994196, 0,
      7.000001430511475, -12.368070602416992, 1.9037802219390871, 1
    ],
    "up": [0, 1, 0],
    "children": [
      {
        "uuid": "53ebd176-f001-4b57-b6f3-03baa4d2c8bf",
        "type": "Bone",
        "name": "RightArm",
        "userData": {
          "originalName": "RightArm",
          "transformData": {
            "eulerOrder": "ZYX",
            "translation": [
              -0.000005641647476295475, -13.60777759552002,
              0.000011415893823141232
            ],
            "preRotation": [
              -0.00003107009610347477, 0.000137736967626348, 89.9999951702897
            ],
            "rotation": [0.00009036016239203264, 89.99991614856532, 0],
            "scale": [1, 1, 0.9999998807907104],
            "parentMatrix": {
              "elements": [
                -0.000001685873763479506, 0.9999999999983743,
                6.397581581721393e-7, 0, -0.9999999999982039,
                -0.0000016858743177028401, 8.662510302139342e-7, 0,
                8.662521087643738e-7, -6.397566977811059e-7, 0.99999999999942,
                0, 7.000001430511475, -12.368070602416992, 1.9037802219390871, 1
              ]
            },
            "parentMatrixWorld": {
              "elements": [
                0.0000016858737633570414, -0.9999999999985785,
                2.9762946497517364e-8, 0, 0.9999999999982039,
                0.0000016858737891710813, 8.662520585890344e-7, 0,
                -8.662521087643738e-7, 2.976148610584615e-8, 0.9999999999996242,
                0, -7.000005637188218, 142.6975811082459, 1.9037836191163484, 1
              ]
            }
          }
        },
        "layers": 1,
        "matrix": [
          5.422753904804638e-7, -9.404800194179358e-7, -0.9999999999994157, 0,
          -0.9999999999984777, 0.000001661375382933099, -5.422769550622612e-7,
          0, 0.0000016613756969165176, 0.9999998807888927,
          -9.404790084675268e-7, 0, -0.000005641647476295475,
          -13.607777595520023, 0.000011415893823585321, 1
        ],
        "up": [0, 1, 0],
        "children": [
          {
            "uuid": "bb702358-ad85-4331-8596-e86b111c0052",
            "type": "Bone",
            "name": "RightForeArm",
            "userData": {
              "originalName": "RightForeArm",
              "transformData": {
                "eulerOrder": "ZYX",
                "translation": [
                  -0.00007264858140842989, -27.10215187072754,
                  0.000037805570173077285
                ],
                "rotation": [
                  -0.000006690254430207232, -0.000001707570703646795,
                  -0.000007011780117302166
                ],
                "parentMatrix": {
                  "elements": [
                    5.422753963646444e-7, -9.404800150325523e-7,
                    -0.9999999999994111, 0, -0.9999999999984732,
                    0.0000016613753892613659, -5.422769591145737e-7, 0,
                    0.000001661375701412916, 0.9999998807888882,
                    -9.404790022502762e-7, 0, -0.000005641647476295475,
                    -13.607777595520023, 0.000011415893823585321, 1
                  ]
                },
                "parentMatrixWorld": {
                  "elements": [
                    -7.422699205913607e-8, -5.720384680003086e-7,
                    -0.9999999999998339, 0, -2.4497904347526324e-8,
                    0.9999999999998365, -5.720384664419908e-7, 0,
                    0.9999998807907077, 2.4497858795585648e-8,
                    -7.422699748032333e-8, 0, -20.6077832327032,
                    142.69756380889814, 1.9037832472446492, 1
                  ]
                }
              }
            },
            "layers": 1,
            "matrix": [
              0.9999999999999921, -1.223786494727966e-7, 2.9802730989234e-8, 0,
              1.2237865295277032e-7, 0.9999999999999857, -1.1676696760325369e-7,
              0, -2.980271669944978e-8, 1.1676697125047084e-7,
              0.9999999999999928, 0, -0.00007264858140820785,
              -27.10215187072754, 0.00003780557017663, 1
            ],
            "up": [0, 1, 0],
            "children": [
              {
                "uuid": "0b1db0bf-c9e7-4009-88cb-ea12f214e162",
                "type": "Bone",
                "name": "RightHand",
                "userData": {
                  "originalName": "RightHand",
                  "transformData": {
                    "eulerOrder": "ZYX",
                    "translation": [
                      0.00000877529691933887, -28.29998779296875,
                      0.000033134794648503885
                    ],
                    "rotation": [
                      -0.000005122638876760342, -0.0000017075442849768959,
                      -0.000010131592232597746
                    ],
                    "parentMatrix": {
                      "elements": [
                        0.9999999999999921, -1.223786494727966e-7,
                        2.9802730989234e-8, 0, 1.2237865295277032e-7,
                        0.9999999999999857, -1.1676696760325369e-7, 0,
                        -2.980271669944978e-8, 1.1676697125047084e-7,
                        0.9999999999999928, 0, -0.00007264858140820785,
                        -27.10215187072754, 0.00003780557017663, 1
                      ]
                    },
                    "parentMatrixWorld": {
                      "elements": [
                        -4.44242616246435e-8, -6.944171167429775e-7,
                        -0.9999999999997582, 0, -1.412648671148714e-7,
                        0.9999999999997492, -6.944171107274712e-7, 0,
                        0.9999998807906998, 1.4126484709433762e-7,
                        -4.4424347576077136e-8, 0, -20.60774476318621,
                        115.59541193821752, 1.9038713992966445, 1
                      ]
                    }
                  }
                },
                "layers": 1,
                "matrix": [
                  0.9999999999999839, -1.7682964292831275e-7,
                  2.980226989646034e-8, 0, 1.7682964559284112e-7,
                  0.9999999999999803, -8.940691479013218e-8, 0,
                  -2.9802254086666938e-8, 8.940692006005558e-8,
                  0.9999999999999956, 0, 0.000008775296919560915,
                  -28.29998779296872, 0.0000331347946520566, 1
                ],
                "up": [0, 1, 0],
                "children": [
                  {
                    "uuid": "95f325bb-573e-41f5-9b0a-d920ecac75a3",
                    "type": "Bone",
                    "name": "RightFinger1Metacarpal",
                    "userData": {
                      "originalName": "RightFinger1Metacarpal",
                      "transformData": {
                        "eulerOrder": "ZYX",
                        "translation": [
                          -2.78480863571167, -2.077993631362915,
                          0.10300473123788834
                        ],
                        "rotation": [
                          -0.00016122546720038564, 44.99992148086414,
                          -30.000044186014485
                        ],
                        "scale": [
                          1.0000004768371582, 1.0000001192092896,
                          1.0000001192092896
                        ],
                        "parentMatrix": {
                          "elements": [
                            0.9999999999999839, -1.7682964292831275e-7,
                            2.980226989646034e-8, 0, 1.7682964559284112e-7,
                            0.9999999999999803, -8.940691479013218e-8, 0,
                            -2.9802254086666938e-8, 8.940692006005558e-8,
                            0.9999999999999956, 0, 0.000008775296919560915,
                            -28.29998779296872, 0.0000331347946520566, 1
                          ]
                        },
                        "parentMatrixWorld": {
                          "elements": [
                            -1.4621970301074176e-8, -8.712467554612215e-7,
                            -0.9999999999996206, 0, -2.306717791023915e-7,
                            0.9999999999995941, -8.71246752348412e-7, 0,
                            0.999999880790684, 2.3067178784956548e-7,
                            -1.4622155575112313e-8, 0, -20.607707630601883,
                            87.29542414525449, 1.9038822759940097, 1
                          ]
                        }
                      }
                    },
                    "layers": 1,
                    "matrix": [
                      0.6123733348768274, -0.3535545307132212,
                      -0.7071061900585032, 0, 0.4999989895529966,
                      0.8660261245330603, -0.000001995990253167622, 0,
                      0.6123727743531088, -0.35355094765893375,
                      0.7071077929041877, 0, -2.784808635711669,
                      -2.0779936313628866, 0.10300473123788834, 1
                    ],
                    "up": [0, 1, 0],
                    "children": [
                      {
                        "uuid": "61f34e33-a208-4fc1-9854-a7be27f8ca6b",
                        "type": "Bone",
                        "name": "RightFinger1Proximal",
                        "userData": {
                          "originalName": "RightFinger1Proximal",
                          "transformData": {
                            "eulerOrder": "ZYX",
                            "translation": [
                              -0.00004985521809430793, -3.9891700744628906,
                              -0.00007812178955646232
                            ],
                            "rotation": [
                              -20.753544943481568, 3.840907846725113,
                              20.753589138033643
                            ],
                            "scale": [
                              0.9999992847442627, 0.9999998211860657,
                              0.9999995231628418
                            ],
                            "parentMatrix": {
                              "elements": [
                                0.6123733347404244, -0.35355453067109055,
                                -0.7071061902219951, 0, 0.49999898959512734,
                                0.8660261245155924, -0.0000019963569964444872,
                                0, 0.6123727741896167, -0.35355094802567705,
                                0.7071077928807652, 0, -2.784808635711669,
                                -2.0779936313628866, 0.10300473123788834, 1
                              ]
                            },
                            "parentMatrixWorld": {
                              "elements": [
                                -0.7071060333274019, -0.35355522730867717,
                                -0.6123730163675388, 0,
                                -0.000002203435515727723, 0.8660256888922829,
                                -0.49999974411735687, 0, 0.7071077811870585,
                                -0.35355131844350746, -0.6123724764987093, 0,
                                -20.50470239158924, 85.21743296390822,
                                4.688692720643674, 1
                              ]
                            }
                          }
                        },
                        "layers": 1,
                        "matrix": [
                          0.9330120305526688, 0.35355346518646996,
                          -0.0669862764427683, 0, -0.35355329042615,
                          0.8660253963266905, -0.35355291943308254, 0,
                          -0.06698806884468222, 0.3535524811320648,
                          0.9330124618485772, 0, -0.00004985521810496607,
                          -3.9891700744628764, -0.00007812178955646232, 1
                        ],
                        "up": [0, 1, 0],
                        "children": [
                          {
                            "uuid": "fc93052b-93d9-4689-95d4-5be9099eb564",
                            "type": "Bone",
                            "name": "RightFinger1Distal",
                            "userData": {
                              "originalName": "RightFinger1Distal",
                              "transformData": {
                                "eulerOrder": "ZYX",
                                "translation": [
                                  -0.000005811292339785723, -3.0277886390686035,
                                  -0.000002145241069229087
                                ],
                                "preRotation": [
                                  -1.7397625857265217e-13,
                                  1.426911262323216e-13, 1.273464276757851e-13
                                ],
                                "rotation": [
                                  0.000009313129449082764,
                                  -0.000043467042918318234,
                                  -0.00003760074285242522
                                ],
                                "scale": [1, 1, 1.0000007152557373],
                                "parentMatrix": {
                                  "elements": [
                                    0.933012030552755, 0.3535534651928001,
                                    -0.06698627640687321, 0,
                                    -0.35355329041982003, 0.8660253963316602,
                                    -0.3535529194267522, 0,
                                    -0.06698806880878712, 0.3535524811383951,
                                    0.9330124618486634, 0,
                                    -0.00004985521810496607,
                                    -3.9891700744628764,
                                    -0.00007812178955646232, 1
                                  ]
                                },
                                "parentMatrixWorld": {
                                  "elements": [
                                    -0.7071057322832123,
                                    -0.000001810948689961317,
                                    -0.7071074816102937, 0,
                                    -0.0000022638605635671993,
                                    0.9999999552193279, 9.517879986931099e-8, 0,
                                    0.7071072603032343,
                                    0.0000017269212969073244,
                                    -0.7071056162106044, 0, -20.504713589309983,
                                    81.76275444869769, 6.683355106739762, 1
                                  ]
                                }
                              }
                            },
                            "layers": 1,
                            "matrix": [
                              0.9999999999994963, -6.562567617476922e-7,
                              7.586430126146212e-7, 0, 6.562566384344189e-7,
                              0.9999999999997708, 1.6254476951455784e-7, 0,
                              -7.58643661909396e-7, -1.6254438791068576e-7,
                              1.0000007152554362, 0, -0.000005811292336233009,
                              -3.0277886390686177, -0.000002145241069229087, 1
                            ],
                            "up": [0, 1, 0],
                            "children": [
                              {
                                "uuid": "20cfa41d-ac7d-43af-b632-c1a9318ffa9e",
                                "type": "Bone",
                                "name": "RightFinger1Tip",
                                "userData": {
                                  "originalName": "RightFinger1Tip",
                                  "transformData": {
                                    "eulerOrder": "ZYX",
                                    "translation": [
                                      -0.00000922651270229835,
                                      -3.4589641094207764,
                                      -0.00005013931149733253
                                    ],
                                    "rotation": [
                                      0.00030529260345767085,
                                      0.00001285378804297385,
                                      5.211555307931001e-10
                                    ],
                                    "scale": [
                                      1.0000004768371582, 1.000000238418579,
                                      0.9999998211860657
                                    ],
                                    "parentMatrix": {
                                      "elements": [
                                        0.9999999999994967,
                                        -6.56256761747692e-7,
                                        7.586430126146214e-7, 0,
                                        6.562566384344186e-7,
                                        0.9999999999997713,
                                        1.6254476951455786e-7, 0,
                                        -7.586436619093959e-7,
                                        -1.6254438791068573e-7,
                                        1.0000007152554362, 0,
                                        -0.000005811292336233009,
                                        -3.0277886390686177,
                                        -0.000002145241069229087, 1
                                      ]
                                    },
                                    "parentMatrixWorld": {
                                      "elements": [
                                        -0.7071051958393886,
                                        -0.0000024672041122037033,
                                        -0.7071080180507353, 0,
                                        -0.0000026129668078045104,
                                        0.9999999552181914,
                                        -4.838014984335117e-7, 0,
                                        0.7071083025071964,
                                        0.0000015643795253300768,
                                        -0.7071055855291466, 0,
                                        -20.5047041425361, 78.7349659452223,
                                        6.68336044467877, 1
                                      ]
                                    }
                                  }
                                },
                                "layers": 1,
                                "matrix": [
                                  1.000000476837133, 9.095884143635713e-12,
                                  -2.2434102952862112e-7, 0,
                                  -7.90051224224544e-12, 1.0000002384043836,
                                  0.000005328362382676921, 0,
                                  2.2434088248453152e-7,
                                  -0.0000053283601595095146, 0.9999998211718446,
                                  0, -0.000009226512705851064,
                                  -3.4589641094207764, -0.000050139311493779815,
                                  1
                                ],
                                "up": [0, 1, 0]
                              }
                            ]
                          }
                        ]
                      }
                    ]
                  },
                  {
                    "uuid": "4cc26e11-4b19-422a-83d2-1019f061d7cb",
                    "type": "Bone",
                    "name": "RightFinger5Metacarpal",
                    "userData": {
                      "originalName": "RightFinger5Metacarpal",
                      "transformData": {
                        "eulerOrder": "ZYX",
                        "translation": [
                          1.4875719547271729, -2.487846851348877,
                          0.10296328365802765
                        ],
                        "preRotation": [
                          5.239195098256017e-12, 5.506533964010064e-13,
                          -3.898619606344427e-7
                        ],
                        "rotation": [
                          -0.00012526200969287227, 0.0000695568018345031,
                          19.999873064714105
                        ],
                        "scale": [
                          0.9999995827674866, 0.9999995827674866,
                          1.0000001192092896
                        ],
                        "parentMatrix": {
                          "elements": [
                            0.9999999999999839, -1.7682964292831275e-7,
                            2.980226989646034e-8, 0, 1.7682964559284112e-7,
                            0.9999999999999803, -8.940691479013218e-8, 0,
                            -2.9802254086666938e-8, 8.940692006005558e-8,
                            0.9999999999999956, 0, 0.000008775296919560915,
                            -28.29998779296872, 0.0000331347946520566, 1
                          ]
                        },
                        "parentMatrixWorld": {
                          "elements": [
                            -1.4621970301074176e-8, -8.712467554612215e-7,
                            -0.9999999999996206, 0, -2.306717791023915e-7,
                            0.9999999999995941, -8.71246752348412e-7, 0,
                            0.999999880790684, 2.3067178784956548e-7,
                            -1.4622155575112313e-8, 0, -20.607707630601883,
                            87.29542414525449, 1.9038822759940097, 1
                          ]
                        }
                      }
                    },
                    "layers": 1,
                    "matrix": [
                      0.9396929887641513, 0.3420179123981232,
                      -0.000001213994726361266, 0, -0.34201791240005197,
                      0.9396929887616905, -0.0000021862334699027475, 0,
                      3.93051700207504e-7, 0.0000024695985606358942,
                      1.0000001192061627, 0, 1.4875719547271729,
                      -2.4878468513488485, 0.1029632836580241, 1
                    ],
                    "up": [0, 1, 0],
                    "children": [
                      {
                        "uuid": "01c72796-8b47-4bd0-bb28-9c1b0aad264e",
                        "type": "Bone",
                        "name": "RightFinger5Proximal",
                        "userData": {
                          "originalName": "RightFinger5Proximal",
                          "transformData": {
                            "eulerOrder": "ZYX",
                            "translation": [
                              0.00006150285480543971, -4.746310234069824,
                              0.000023837588742026128
                            ],
                            "rotation": [
                              0.00010458131655097702, -0.000020445705263832457,
                              -19.999949427562406
                            ],
                            "scale": [
                              1.0000003576278687, 1.0000003576278687, 1
                            ],
                            "parentMatrix": {
                              "elements": [
                                0.9396929887641513, 0.3420179123981231,
                                -0.000001213994726361266, 0,
                                -0.3420179124000519, 0.9396929887616905,
                                -0.0000021862334699027475, 0,
                                3.9305170020750403e-7, 0.0000024695985606358942,
                                1.0000001192061627, 0, 1.4875719547271729,
                                -2.4878468513488485, 0.1029632836580241, 1
                              ]
                            },
                            "parentMatrixWorld": {
                              "elements": [
                                -0.000001306628624953383, 0.34201709369323663,
                                -0.9396932867457725, 0,
                                -0.000002397992887053505, 0.9396932867428013,
                                0.3420170936954895, 0, 0.9999999999962571,
                                0.0000027002700335369374, -4.076760091552438e-7,
                                0, -20.504743807093217, 84.80757602161513,
                                0.41631248729034565, 1
                              ]
                            }
                          }
                        },
                        "layers": 1,
                        "matrix": [
                          0.9396932587318362, -0.3420194362162482,
                          3.568451366489058e-7, 0, 0.3420194362150881,
                          0.9396932587305533, 0.000001825288936405195, 0,
                          -9.596085759151579e-7, -0.000001593162596806119,
                          0.9999999999982707, 0, 0.00006150285481254514,
                          -4.746310234069796, 0.00002383758874557884, 1
                        ],
                        "up": [0, 1, 0],
                        "children": [
                          {
                            "uuid": "8d899092-6664-41ef-be71-2ec2ae6e747a",
                            "type": "Bone",
                            "name": "RightFinger5Medial",
                            "userData": {
                              "originalName": "RightFinger5Medial",
                              "transformData": {
                                "eulerOrder": "ZYX",
                                "translation": [
                                  1.5584350876451936e-7, -3.500004529953003,
                                  0.000017393003872712143
                                ],
                                "preRotation": [
                                  -5.088847694582979e-13,
                                  1.0178305186370083e-13,
                                  -1.0178584241994844e-13
                                ],
                                "rotation": [
                                  0.000004806276770339597,
                                  0.000004979595236690413,
                                  -0.000008537613306136603
                                ],
                                "scale": [
                                  0.9999998807907104, 0.9999998807907104, 1
                                ],
                                "parentMatrix": {
                                  "elements": [
                                    0.9396932587318362, -0.342019436216248,
                                    3.56845136648906e-7, 0, 0.3420194362150879,
                                    0.9396932587305534, 0.000001825288936405195,
                                    0, -9.596085759151579e-7,
                                    -0.000001593162596806119,
                                    0.9999999999982707, 0,
                                    0.00006150285481254514, -4.746310234069796,
                                    0.00002383758874557884, 1
                                  ]
                                },
                                "parentMatrixWorld": {
                                  "elements": [
                                    -5.082479860655962e-8,
                                    -0.0000022108324130697293,
                                    -0.9999999403927611, 0,
                                    -8.749811996986844e-7, 0.9999999403923797,
                                    -0.00000221083236862049, 0,
                                    0.9999999999996021, 8.749833004062214e-7,
                                    -5.082711360738186e-8, 0,
                                    -20.50470858796665, 80.34752119295312,
                                    -1.2070645385728653, 1
                                  ]
                                }
                              }
                            },
                            "layers": 1,
                            "matrix": [
                              0.9999998807906956, -1.4900944646734692e-7,
                              -8.691032371280263e-8, 0, 1.490094537578494e-7,
                              0.9999998807906951, 8.388533552291798e-8, 0,
                              8.691032157361009e-8, -8.388535847329213e-8,
                              0.9999999999999921, 0, 1.5584350854247475e-7,
                              -3.500004529953003, 0.000017393003872712143, 1
                            ],
                            "up": [0, 1, 0],
                            "children": [
                              {
                                "uuid": "ddb94557-851e-4a6f-a858-e90c8abbb3a6",
                                "type": "Bone",
                                "name": "RightFinger5Distal",
                                "userData": {
                                  "originalName": "RightFinger5Distal",
                                  "transformData": {
                                    "eulerOrder": "ZYX",
                                    "translation": [
                                      0.000004399745193950366,
                                      -2.2000019550323486,
                                      -0.000024297307390952483
                                    ],
                                    "preRotation": [
                                      -8.142216102033564e-13,
                                      4.052372614082313e-18,
                                      2.8390882150905396e-18
                                    ],
                                    "rotation": [
                                      0.000018669343325664268,
                                      0.0000017075587866126693,
                                      -0.000006830185634927983
                                    ],
                                    "scale": [
                                      1.0000001192092896, 1.0000001192092896, 1
                                    ],
                                    "parentMatrix": {
                                      "elements": [
                                        0.9999998807906956,
                                        -1.490094464673469e-7,
                                        -8.691032371280261e-8, 0,
                                        1.4900945375784941e-7,
                                        0.9999998807906956,
                                        8.388533552291797e-8, 0,
                                        8.691032157361012e-8,
                                        -8.388535847329211e-8,
                                        0.9999999999999926, 0,
                                        1.5584350854247475e-7,
                                        -3.500004529953003,
                                        0.000017393003872712143, 1
                                      ]
                                    },
                                    "parentMatrixWorld": {
                                      "elements": [
                                        -1.3773498588007452e-7,
                                        -0.0000023598416631482654,
                                        -0.9999998211831299, 0,
                                        -7.910957674432751e-7,
                                        0.9999998211828264,
                                        -0.000002359841554208158, 0,
                                        0.9999999999996636,
                                        7.910977547889734e-7,
                                        -1.3773724454404153e-7, 0,
                                        -20.504688132524624, 76.84751687164194,
                                        -1.2070569564939435, 1
                                      ]
                                    }
                                  }
                                },
                                "layers": 1,
                                "matrix": [
                                  1.000000119209282, -1.192092420627104e-7,
                                  -2.980252655055395e-8, 0,
                                  1.1920925177360396e-7, 1.0000001192092294,
                                  3.258415348505544e-7, 0, 2.980248415450142e-8,
                                  -3.2584149955995474e-7, 0.9999999999999465, 0,
                                  0.000004399745193950366, -2.2000019550323486,
                                  -0.000024297307390952483, 1
                                ],
                                "up": [0, 1, 0],
                                "children": [
                                  {
                                    "uuid": "cb57e54f-e3a1-4518-afd6-674f14d8765d",
                                    "type": "Bone",
                                    "name": "RightFinger5Tip",
                                    "userData": {
                                      "originalName": "RightFinger5Tip",
                                      "transformData": {
                                        "eulerOrder": "ZYX",
                                        "translation": [
                                          0.000012439936654118355,
                                          -2.240919828414917,
                                          -0.000041954670450650156
                                        ],
                                        "rotation": [
                                          3.794875526377866e-8,
                                          -0.000001398341297954983,
                                          9.117200528623871e-8
                                        ],
                                        "scale": [
                                          0.9999999403953552,
                                          0.9999999403953552, 1
                                        ],
                                        "parentMatrix": {
                                          "elements": [
                                            1.000000119209282,
                                            -1.192092420627104e-7,
                                            -2.980252655055395e-8, 0,
                                            1.1920925177360396e-7,
                                            1.0000001192092294,
                                            3.258415348505544e-7, 0,
                                            2.980248415450142e-8,
                                            -3.2584149955995474e-7,
                                            0.9999999999999465, 0,
                                            0.000004399745193950366,
                                            -2.2000019550323486,
                                            -0.000024297307390952483, 1
                                          ]
                                        },
                                        "parentMatrixWorld": {
                                          "elements": [
                                            -1.675374345439804e-7,
                                            -0.000002479051188786058,
                                            -0.9999999403921052, 0,
                                            -4.652543433180318e-7,
                                            0.9999999403920109,
                                            -0.000002479051110860545, 0,
                                            0.9999999999998638,
                                            4.652562431658886e-7,
                                            -1.6753895443503792e-7, 0,
                                            -20.504710689420385,
                                            74.64751530997812,
                                            -1.2070561645789712, 1
                                          ]
                                        }
                                      }
                                    },
                                    "layers": 1,
                                    "matrix": [
                                      0.999999940395355, 1.5912515830444511e-9,
                                      2.4405658261234924e-8, 0,
                                      -1.591251599209069e-9, 0.9999999403953553,
                                      6.623306869084624e-10, 0,
                                      -2.4405659714871655e-8,
                                      -6.623307652219969e-10,
                                      0.9999999999999992, 0,
                                      0.000012439936654118355,
                                      -2.240919828414903,
                                      -0.00004195467045420287, 1
                                    ],
                                    "up": [0, 1, 0]
                                  }
                                ]
                              }
                            ]
                          }
                        ]
                      }
                    ]
                  },
                  {
                    "uuid": "0cdd6e94-3b08-4bd7-b04f-27bbd4338286",
                    "type": "Bone",
                    "name": "RightFinger4Metacarpal",
                    "userData": {
                      "originalName": "RightFinger4Metacarpal",
                      "transformData": {
                        "eulerOrder": "ZYX",
                        "translation": [
                          0.5475126504898071, -2.7429707050323486,
                          0.10297530889511108
                        ],
                        "preRotation": [
                          3.508824560942818e-13, 3.255576475695723e-13,
                          1.704223638305496e-7
                        ],
                        "rotation": [
                          -0.00008888234032694575, 0.00010407584371899458,
